goal:
  x: 9.30213
  y: -1.023991
  z: 1

